# General sensor definitions.
sensor_type: camera
comment: VI-Sensor panoman (CANON)

# Sensor extrinsics wrt. the body-frame.
T_BS:
  cols: 4
  rows: 4
  data: [0.99984024,-0.01292121,-0.01235789,0.01843801,
  0.01269049,0.02598242,0.99958199,0.02201876,
  -0.01259472,-0.99957897,0.02614225,0.67433480,
  0, 0, 0, 1]

# Camera specific definitions.
rate_hz: 0
resolution: [4160, 4160]
camera_model: pinhole
intrinsics: [1410.3460068877855, 1407.6802516315777, 2054.2078590830497, 2104.6019296501813]
distortion_model: equidistant
distortion_coefficients: [-0.038313829467403492, -0.039444433713787301, 0.053359713242989701, -0.021070033934264449]
